9 0 0
1 1.72414 1.72414
4 2.06897 2.06897
3 2.24138 2.58621
2 2.75862 2.75862
2 3.10345 3.10345
6 3.27586 3.44828
6 3.62069 3.7931
6 3.96552 4.13793
6 4.31034 4.48276
7 4.65517 4.82759
7 5 5.17241
7 5.34483 5.51724
7 5.68966 5.86207
8 6.03448 6.2069
8 6.37931 6.55172
8 6.72414 6.89655
8 7.06897 7.24138
2 7.24138 7.24138
4 7.58621 7.58621
3 7.75862 8.10345
2 8.27586 8.27586
2 8.62069 8.62069
5 8.7931 8.96552
5 9.13793 9.31034
5 9.48276 9.65517
5 9.82759 10
6 10.1724 10.3448
6 10.5172 10.6897
6 10.8621 11.0345
6 11.2069 11.3793
8 11.5517 11.7241
8 11.8966 12.069
8 12.2414 12.4138
8 12.5862 12.7586
5 12.7586 13.1034
4 13.4483 13.4483
3 13.6207 13.9655
3 14.1379 14.1379
2 14.8276 14.8276
3 15 15
2 15.3448 15.3448
3 15.6897 15.6897
4 16.0345 16.0345
1 16.3793 16.3793
8 16.7241 18.2759
1 16.7241 18.2759
7 18.2759 18.9655
8 18.9655 19.6552
1 20.3448 20.3448
2 20.5172 20.5172
1 20.8621 20.8621
2 21.2069 21.2069
3 21.5517 21.5517
4 21.8966 22.4138
8 22.4138 23.7931
2 22.4138 23.7931
5 23.7931 23.7931
5 23.9655 23.9655
5 24.1379 24.1379
5 24.3103 24.3103
3 24.4828 24.4828
8 24.4828 25.0862
8 25.1724 26.5517
2 25.8621 25.8621
3 26.0345 26.0345
2 26.3793 26.3793
6 26.5517 27.931
3 26.7241 26.7241
4 27.069 27.069
1 27.4138 27.4138
1 27.7586 28.6207
5 27.931 30.6897
1 28.7931 28.7931
2 28.9655 28.9655
1 29.1379 29.1379
8 30.6897 32.069
2 31.3793 31.3793
3 31.5517 31.5517
2 31.8966 31.8966
6 32.069 33.4483
3 32.2414 32.2414
4 32.5862 32.5862
2 32.931 32.931
3 33.2759 34.8276
7 33.4483 36.2069
4 35.5172 35.5172
2 35.6897 35.6897
2 35.8621 35.8621
1 36.0345 36.0345
7 36.2069 36.2069
2 36.2069 36.2069
8 36.5517 36.5517
7 36.8966 36.8966
4 36.8966 36.8966
7 37.069 37.069
2 37.069 37.069
8 37.2414 37.2414
2 37.2414 37.4138
1 37.5862 37.5862
7 37.5862 37.5862
8 37.931 37.931
7 38.2759 38.2759
4 38.2759 38.2759
7 38.4483 38.4483
2 38.4483 38.4483
8 38.6207 38.6207
2 38.6207 38.6207
1 38.7931 38.7931
7 38.9655 38.9655
2 38.9655 38.9655
8 39.3103 39.3103
1 39.4828 39.4828
7 39.6552 39.6552
4 39.6552 39.6552
7 39.8276 39.8276
8 40 40
2 40 40
7 40.3448 40.3448
1 40.3448 40.6897
8 40.6897 40.6897
7 41.0345 41.0345
1 41.0345 41.3793
7 41.2069 41.2069
8 41.3793 41.3793
4 41.3793 41.7241
7 41.7241 41.7241
3 41.7241 42.069
8 42.069 42.069
4 42.069 42.2414
3 42.2414 42.5862
7 42.4138 42.4138
7 42.5862 42.5862
4 42.5862 42.931
8 42.7586 42.7586
3 42.931 43.2759
7 43.1034 43.1034
2 43.2759 43.6207
8 43.4483 43.4483
1 43.6207 43.9655
7 43.7931 43.7931
7 43.9655 43.9655
4 43.9655 44.4828
8 44.1379 44.1379
7 44.4828 44.4828
2 44.4828 45.8621
8 44.8276 44.8276
7 45.1724 45.1724
7 45.3448 45.3448
8 45.5172 45.5172
7 45.8621 45.8621
8 46.2069 46.2069
7 46.5517 46.5517
7 46.7241 46.7241
8 46.8966 46.8966
5 47.2414 47.2414
3 47.2414 47.2414
5 47.4138 47.4138
5 47.5862 47.5862
3 47.5862 47.5862
5 47.7586 47.7586
5 47.931 47.931
3 47.931 47.931
5 48.1034 48.1034
3 48.2759 48.2759
5 48.2759 48.2759
5 48.4483 48.4483
6 48.6207 48.6207
3 48.6207 48.6207
6 48.7931 48.7931
6 48.9655 48.9655
3 48.9655 48.9655
6 49.1379 49.1379
3 49.3103 49.3103
6 49.3103 49.3103
6 49.4828 49.4828
6 49.6552 49.6552
3 49.6552 49.6552
6 49.8276 49.8276
7 50 50
3 50 50
7 50.1724 50.1724
7 50.3448 50.3448
3 50.3448 50.3448
7 50.5172 50.5172
7 50.6897 50.6897
3 50.6897 50.6897
7 50.8621 50.8621
7 51.0345 51.0345
3 51.0345 51.0345
7 51.2069 51.2069
8 51.3793 51.3793
3 51.3793 51.3793
8 51.5517 51.5517
8 51.7241 51.7241
3 51.7241 51.7241
8 51.8966 51.8966
8 52.069 52.069
3 52.069 52.069
8 52.2414 52.2414
8 52.4138 52.4138
3 52.4138 52.4138
8 52.5862 52.5862
5 52.7586 52.7586
3 52.7586 52.7586
5 52.931 52.931
5 53.1034 53.1034
3 53.1034 53.1034
5 53.2759 53.2759
3 53.2759 53.2759
5 53.4483 53.4483
3 53.4483 53.4483
5 53.6207 53.6207
5 53.7931 53.7931
3 53.7931 53.7931
5 53.9655 53.9655
6 54.1379 54.1379
3 54.1379 54.1379
6 54.3103 54.3103
6 54.4828 54.4828
3 54.4828 54.4828
3 54.6552 54.6552
6 54.6552 54.6552
6 54.8276 54.8276
3 54.8276 54.8276
6 55 55
6 55.1724 55.1724
3 55.1724 55.1724
6 55.3448 55.3448
7 55.5172 55.5172
3 55.5172 55.5172
7 55.6897 55.6897
3 55.6897 55.6897
7 55.8621 55.8621
3 55.8621 55.8621
3 56.0345 56.0345
7 56.0345 56.0345
7 56.2069 56.2069
3 56.2069 56.2069
3 56.2931 56.2931
7 56.3793 56.3793
3 56.3793 56.3793
3 56.4655 56.4655
7 56.5517 56.5517
3 56.5517 56.5517
3 56.6379 56.6379
7 56.7241 56.7241
3 56.7241 56.7241
3 56.8103 56.8103
1 56.8966 56.8966
4 57.2414 57.2414
3 57.4138 57.7586
2 57.931 57.931
2 58.2759 58.2759
6 58.4483 58.6207
6 58.7931 58.9655
6 59.1379 59.3103
6 59.4828 59.6552
7 59.8276 60
7 60.1724 60.3448
7 60.5172 60.6897
7 60.8621 61.0345
8 61.2069 61.3793
8 61.5517 61.7241
8 61.8966 62.069
8 62.2414 62.4138
1 62.4138 62.4138
7 62.4138 62.4138
8 62.7586 62.7586
4 62.7586 62.7586
3 62.931 63.2759
7 63.2759 63.2759
8 63.4483 63.4483
2 63.4483 63.4483
2 63.7931 63.7931
1 63.7931 63.7931
6 63.9655 64.1379
1 64.1379 64.1379
6 64.3103 64.4828
1 64.4828 64.4828
8 64.6552 64.8276
1 64.8276 64.8276
7 65 65.1724
1 65.1724 65.1724
6 65.3448 65.5172
1 65.5172 65.5172
6 65.6897 65.8621
1 65.8621 65.8621
6 66.0345 66.2069
1 66.2069 66.2069
5 66.3793 66.5517
1 66.5517 66.5517
6 66.7241 66.8966
1 66.8966 66.8966
7 67.069 67.2414
1 67.2414 67.2414
7 67.4138 67.5862
1 67.5862 67.5862
7 67.7586 67.931
1 67.931 67.931
7 68.1034 68.2759
2 68.1034 68.1034
4 68.2759 68.2759
2 68.4483 68.4483
2 68.6207 68.9655
1 68.6207 68.6207
1 68.7069 68.7069
1 68.7931 68.7931
1 68.8793 68.8793
4 68.9655 69.3103
1 68.9655 68.9655
1 69.0517 69.0517
1 69.1379 69.1379
1 69.2241 69.2241
3 69.3103 70
1 69.3103 69.3103
6 69.4828 69.6552
6 69.8276 70
1 70 70.3448
6 70.1724 70.3448
4 70.3448 70.6897
6 70.5172 70.6897
3 70.6897 71.3793
7 70.8621 71.0345
7 71.2069 71.3793
1 71.3793 71.7241
7 71.5517 71.7241
4 71.7241 72.069
7 71.8966 72.069
3 72.069 72.4138
8 72.2414 72.4138
4 72.4138 72.5862
8 72.5862 72.7586
3 72.5862 72.931
8 72.931 73.1034
2 72.931 73.1897
8 73.2759 73.4483
2 73.2759 73.7931
5 73.6207 73.7931
5 73.9655 74.1379
1 74.1379 74.4828
5 74.3103 74.4828
3 74.4828 74.8276
5 74.6552 74.8276
2 74.8276 75.5172
5 75 75.1724
5 75.3448 75.5172
4 75.5172 75.8621
5 75.6897 75.8621
3 75.8621 76.2069
5 76.0345 76.2069
2 76.2069 76.8103
6 76.3793 76.5517
6 76.7241 76.8966
2 76.8966 77.2414
6 77.069 77.2414
1 77.2414 77.5862
6 77.4138 77.5862
2 77.5862 77.931
8 77.7586 77.931
3 77.931 77.931
8 78.1034 78.2759
3 78.1034 79.6552
7 78.4483 78.6207
7 78.7931 78.9655
6 79.1379 79.3103
6 79.4828 79.6552
8 79.8276 80
8 80.1724 80.3448
